# 从 t=0 出发的完整可行动作序列（前 105 步为 data/beam105.bin#94 的动作历史，
# 由 src/gen_hist.cpp 导出、tools/replay_hist.py 独立重放验证）。每行 k p q；时间单位 10 秒。
# 注意：本序列达到的值【高于】官方样例蕴含的值，属于「本模型最优 > 官方参考解」的证据，
# 数值不用于任何表项。详见 doc/model_vs_official.md。
T=171 minerals=2476430
1 0 0
0 0 0
1 0 0
0 0 0
1 0 0
0 0 0
1 0 0
0 0 0
1 0 0
0 1 0
1 0 0
0 0 0
1 0 0
0 0 0
1 0 0
0 0 0
1 0 1
0 0 0
1 0 0
0 0 0
1 0 0
0 0 1
1 0 0
0 0 0
1 0 0
0 0 0
1 0 0
0 0 1
2 0 0
0 0 0
2 0 0
0 0 1
2 0 0
1 0 0
2 0 0
1 0 0
2 0 1
1 0 0
2 0 0
2 0 0
2 0 1
2 0 0
2 0 1
3 0 0
2 0 0
3 0 1
2 0 0
3 0 1
3 0 0
3 0 1
3 0 0
3 0 1
4 0 1
3 0 0
5 0 1
3 0 1
5 0 1
3 0 1
6 0 0
4 0 1
6 0 1
5 0 1
6 0 1
6 0 2
7 0 1
6 0 1
8 0 1
7 0 2
9 0 1
8 0 2
9 0 1
9 0 2
10 0 2
10 0 2
11 0 2
12 0 2
12 0 2
13 0 2
13 0 3
15 0 2
14 0 3
17 0 3
15 0 3
19 0 3
17 0 3
21 0 4
19 1 3
23 0 4
21 0 4
25 0 5
24 0 4
27 0 5
27 0 5
30 0 5
30 0 6
33 1 6
33 0 6
37 0 7
36 0 7
41 0 7
40 0 8
46 0 8
44 1 8
51 0 9
49 0 10
56 0 9
55 0 11
62 0 10
61 0 12
69 0 12
68 0 14
76 0 13
76 1 14
84 0 15
84 0 16
93 0 16
94 1 17
102 0 19
104 0 20
113 0 20
116 0 22
125 1 22
130 0 24
138 0 25
144 1 26
153 1 28
160 0 29
169 0 31
177 0 32
188 0 35
197 2 35
208 2 38
219 0 40
230 1 42
243 0 44
255 0 47
269 1 49
283 1 0
298 3 0
314 2 0
330 2 0
349 60 0
365 62 0
387 59 0
405 64 0
429 59 0
449 60 0
476 1 0
498 61 0
476 62 0
498 58 0
476 0 0
498 0 0
476 1 0
498 63 0
476 56 0
498 2 0
476 62 0
498 0 0
476 0 0
497 0 0
0 0 0
0 0 0
0 0 0
0 0 0
0 0 0
0 0 0
0 0 0
0 0 0
0 0 0
0 0 0
