# P17264 动作序列证书。起点为 data/beam105.bin 中第 94 个束状态（gen_table 从真实初始状态推进得到，折半口径）
# START 行: t0 x s w b aw[0..12] am[0..12] as[0..12] ab[0..12]
# 其后每行 k p q = 本步 (基地造工人数, 建补给站数, 建基地数); 时间单位 10 秒
T=171 minerals=2476430
START 105 3329 62 889 56 0 55 6 6 7 7 7 8 8 8 9 10 0 0 0 0 0 0 0 0 0 0 0 0 0 0 0 60 60 60 70 70 70 80 80 80 90 100 0 0 55 6 6 7 7 7 8 8 8 9 10 0
56 0 9
55 0 11
62 0 10
61 0 12
69 0 12
68 0 14
76 0 13
76 1 14
84 0 15
84 0 16
93 0 16
94 1 17
102 0 19
104 0 20
113 0 20
116 0 22
125 1 22
130 0 24
138 0 25
144 1 26
153 1 28
160 0 29
169 0 31
177 0 32
188 0 35
197 2 35
208 2 38
219 0 40
230 1 42
243 0 44
255 0 47
269 1 49
283 1 0
298 3 0
314 2 0
330 2 0
349 60 0
365 62 0
387 59 0
405 64 0
429 59 0
449 60 0
476 1 0
498 61 0
476 62 0
498 58 0
476 0 0
498 0 0
476 1 0
498 63 0
476 56 0
498 2 0
476 62 0
498 0 0
476 0 0
497 0 0
0 0 0
0 0 0
0 0 0
0 0 0
0 0 0
0 0 0
0 0 0
0 0 0
0 0 0
0 0 0
