# data/cert/t173_from_zero.txt 的逐步状态（原始单位，矿物不折半）
# 每行：步号 秒 | 动作前 矿物 补给 空闲工人 空闲基地 | 动作 k(造工人) p(建补给站) q(建基地) g(采矿)
# 由 tools/sim_objects.py 的独立事件队列模拟器导出；每步都断言了四条约束。
   #      秒             矿物      补给      空闲工人      空闲基地        k     p     q        采矿
   0      0             50       6         4         1        1     0     0         4
   1     10             32       5         4         0        0     0     0         4
   2     20             64       5         5         1        1     0     0         5
   3     30             54       4         5         0        0     0     0         5
   4     40             94       4         6         1        1     0     0         6
   5     50             92       3         6         0        0     0     0         6
   6     60            140       3         7         1        1     0     0         7
   7     70            146       2         7         0        0     0     0         7
   8     80            202       2         8         1        1     0     0         8
   9     90            216       1         8         0        0     1     0         7
  10    100            172       1         8         1        1     0     0         8
  11    110            186       0         8         0        0     0     0         8
  12    120            250       8        10         1        1     0     0        10
  13    130            280       7        10         0        0     0     0        10
  14    140            360       7        11         1        1     0     0        11
  15    150            398       6        11         0        0     0     0        11
  16    160            486       6        12         1        1     0     1        11
  17    170            124       5        11         0        0     0     0        11
  18    180            212       5        12         1        1     0     0        12
  19    190            258       4        12         0        0     0     0        12
  20    200            354       4        13         1        1     0     0        13
  21    210            408       3        13         0        0     0     1        12
  22    220            104       3        13         1        1     0     0        13
  23    230            158       2        13         0        0     0     0        13
  24    240            262       2        14         1        1     0     0        14
  25    250            324       1        14         0        0     0     0        14
  26    260            436       1        15         1        1     0     0        15
  27    270            506       0        15         0        0     0     1        14
  28    280            218      10        16         2        2     0     0        16
  29    290            246       8        16         0        0     0     0        16
  30    300            374       8        18         2        2     0     0        18
  31    310            418       6        18         0        0     0     1        17
  32    320            154       6        19         2        2     0     0        19
  33    330            206      14        20         1        1     0     0        20
  34    340            316      13        22         2        2     0     0        22
  35    350            392      11        23         1        1     0     0        23
  36    360            526      10        25         2        2     0     1        24
  37    370            218       8        25         1        1     0     0        25
  38    380            368       7        27         2        2     0     0        27
  39    390            484      15        29         2        2     0     0        29
  40    400            616      13        31         2        2     0     1        30
  41    410            356      11        32         2        2     0     0        32
  42    420            512       9        34         2        2     0     1        33
  43    430            276      17        36         3        3     0     0        36
  44    440            414      14        38         2        2     0     0        38
  45    450            618      12        41         3        3     0     1        40
  46    460            388       9        42         2        2     0     0        42
  47    470            624       7        45         3        3     0     1        44
  48    480            426      14        47         3        3     0     0        47
  49    490            652      11        50         3        3     0     1        49
  50    500            494       8        52         3        3     0     0        52
  51    510            760       5        55         3        3     0     1        54
  52    520            642      12        58         4        4     0     1        57
  53    530            498       8        60         3        3     0     0        60
  54    540            828      15        65         5        5     0     1        64
  55    550            690      10        67         3        3     0     1        66
  56    560            668       7        71         5        5     0     1        70
  57    570            578      12        74         4        3     0     1        73
  58    580            612       9        78         6        6     0     0        78
  59    590            936      13        82         4        4     0     1        81
  60    600            984       9        87         6        6     0     1        86
  61    610            972      13        91         5        5     0     1        90
  62    620           1042       8        96         6        6     0     1        95
  63    630           1102      12       101         6        6     0     2        99
  64    640            794      16       106         7        7     0     1       105
  65    650            884       9       111         6        6     0     1       110
  66    660           1064      13       118         8        8     0     1       117
  67    670           1200      15       124         7        7     0     2       122
  68    680           1026      18       131         9        9     0     1       130
  69    690           1216      19       138         8        8     0     2       136
  70    700           1104      11       145         9        9     0     1       144
  71    710           1406      12       153         9        9     0     2       151
  72    720           1364      13       161        10       10     0     2       159
  73    730           1336      13       169        10       10     0     2       167
  74    740           1372      13       178        11       11     0     2       176
  75    750           1430      22       188        12       12     0     2       186
  76    760           1518      20       198        12       12     0     2       196
  77    770           1686      18       209        13       13     0     2       207
  78    780           1892      15       220        13       13     0     3       217
  79    790           1778      22       232        15       15     0     2       230
  80    800           2068      17       244        14       14     0     3       241
  81    810           2096      23       258        17       17     0     3       255
  82    820           2086      16       270        15       15     0     3       267
  83    830           2272      21       286        19       19     0     3       283
  84    840           2386      22       300        17       17     0     3       297
  85    850           2712      25       318        21       21     0     4       314
  86    860           2574      24       333        19       19     1     3       329
  87    870           2956      25       352        23       23     0     4       348
  88    880           2990      22       369        21       21     0     4       365
  89    890           3260      29       391        25       25     0     5       386
  90    900           3098      34       410        24       24     0     4       406
  91    910           3546      30       433        27       27     0     5       428
  92    920           3620      33       455        27       27     0     5       450
  93    930           3870      36       480        30       30     0     5       475
  94    940           4170      36       505        30       30     0     6       499
  95    950           4262      36       532        33       33     1     6       525
  96    960           4312      33       558        33       33     0     6       552
  97    970           4678      40       589        37       37     0     7       582
  98    980           4684      41       619        36       36     0     7       612
  99    990           4980      45       653        41       41     0     7       646
 100   1000           5298      44       686        40       40     0     8       678
 101   1010           5522      54       724        46       46     0     8       716
 102   1020           5750      48       760        44       44     1     8       751
 103   1030           6258      54       802        51       51     0     9       793
 104   1040           6452      53       842        49       49     0    10       832
 105   1050           6658      62       889        56       56     0     9       880
 106   1060           7298      66       935        55       55     0    11       924
 107   1070           7540      71       986        62       62     0    10       976
 108   1080           8248      69      1037        61       61     0    12      1025
 109   1090           8598      78      1094        69       69     0    12      1082
 110   1100           9004      79      1150        68       68     0    14      1136
 111   1110           9092      81      1212        76       76     0    13      1199
 112   1120           9684      85      1275        76       76     1    14      1260
 113   1130          10264      89      1344        84       84     0    15      1329
 114   1140          10696      85      1413        84       84     0    16      1397
 115   1150          11272      99      1491        93       93     1    16      1474
 116   1160          11914     106      1568        94       94     0    18      1550
 117   1170          12414     102      1652       102      102     0    18      1634
 118   1180          13186     118      1740       105      105     0    19      1721
 119   1190          14104     113      1833       112      112     0    21      1812
 120   1200          14600     121      1929       117      117     1    21      1907
 121   1210          15506     124      2031       124      124     0    23      2008
 122   1220          16170     140      2139       131      131     0    24      2115
 123   1230          16940     147      2253       137      137     0    25      2228
 124   1240          17914     150      2373       145      145     2    26      2345
 125   1250          18824     155      2497       152      152     0    28      2469
 126   1260          19776     163      2630       161      161     1    29      2600
 127   1270          20826     178      2770       168      168     0    31      2739
 128   1280          21938     190      2918       179      179     1    32      2885
 129   1290          23168     199      3072       186      186     0    34      3038
 130   1300          24572     203      3236       198      198     0    36      3200
 131   1310          25872     223      3408       207      207     0    38      3370
 132   1320          27282     226      3589       219      219     1    40      3548
 133   1330          28616     237      3778       230      230     1    42      3735
 134   1340          30096     247      3978       243      243     0    44      3934
 135   1350          31818     262      4190       255      255     1    47      4142
 136   1360          33304     275      4412       269      269     1    49      4362
 137   1370          35050     286      4645       283      283     1    52      4592
 138   1380          36736     301      4891       298      298     1    54      4836
 139   1390          38824     321      5151       314      314     1     0      5150
 140   1400          64224     335      5481       330      330     2     0      5479
 141   1410          91356     353      5828       348      348     2     0      5826
 142   1420         120364     373      6193       366      366     2     0      6191
 143   1430         151392     403      6579       386      386     3     0      6576
 144   1440         184400     433      6984       406      406    63     0      6921
 145   1450         213168     463      7351       428      428     0     0      7351
 146   1460         250576     499      7804       450      450     0     0      7804
 147   1470         290508    1023      8342       475      475     1     0      8341
 148   1480         333386    1038      8840       499      499     1     0      8839
 149   1490         379048    1059      9366       527      527    70     0      9296
 150   1500         420066    1080      9850       553      553    66     0      9784
 151   1510         464088     535     10312       527      527    69     0     10243
 152   1520         512782     568     10866       553      553    65     0     10801
 153   1530         565040     543     11394       527      527    69     0     11325
 154   1540         622390     568     11947       553      553    67     0     11880
 155   1550         683080     535     12472       527      527    69     0     12403
 156   1560         749054     560     13025       553      553    66     0     12959
 157   1570         818476     543     13553       527      527    68     0     13485
 158   1580         893206     568     14107       553      553    66     0     14041
 159   1590         971284     543     14634       527      527    68     0     14566
 160   1600        1054662     560     15187       553      553     0     0     15187
 161   1610        1148508     535     15780       527      527     0     0     15780
 162   1620        1248398     552     16401       553      552     0     0     16401
 163   1630        1352006       0     16928       528        0     0     0     16928
 164   1640        1487430       0     17480      1080        0     0     0     17480
 165   1650        1627270       0     17480      1080        0     0     0     17480
 166   1660        1767110       0     17480      1080        0     0     0     17480
 167   1670        1906950       0     17480      1080        0     0     0     17480
 168   1680        2046790       0     17480      1080        0     0     0     17480
 169   1690        2186630       0     17480      1080        0     0     0     17480
 170   1700        2326470       0     17480      1080        0     0     0     17480
 171   1710        2466310       0     17480      1080        0     0     0     17480
 172   1720        2606150       0     17480      1080        0     0     0     17480
 173   1730        2745990       0     17480      1080        —     —     —         —
# 终态：1730 秒，矿物 2745990（官方样例蕴含上界 2745942，超出 48）
# 累计：造工人 17476，建补给站 835，建基地 1079
