# 【存疑 / 已否决】这条序列只用仓库自带的 data/beam105.bin 束状态 + LP 束搜索兑现（不含任何
# 成长期改进），在本模型语义下逐步可行，t=173 达到 2745990 矿物。但官方样例 m=2745943 -> 1740
# 蕴含 2F[173] <= 2745942。官方样例是基准真值，因此这条轨迹一定有问题——四轮独立验证
#（题面核对、t<=30 全枚举双侧验证、三套结构不同的模拟器、守恒恒等式）都没能定位到错误。
# 保留仅作记录，数值【不】用于任何表项。详见 doc/findings.md 第四节。
# START 行: t0 x s w b aw[0..12] am[0..12] as[0..12] ab[0..12]（折半口径）
# 其后每行 k p q; 时间单位 10 秒
T=173 minerals=2745990
START 105 3329 62 889 56 0 55 6 6 7 7 7 8 8 8 9 10 0 0 0 0 0 0 0 0 0 0 0 0 0 0 0 60 60 60 70 70 70 80 80 80 90 100 0 0 55 6 6 7 7 7 8 8 8 9 10 0
56 0 9
55 0 11
62 0 10
61 0 12
69 0 12
68 0 14
76 0 13
76 1 14
84 0 15
84 0 16
93 0 16
94 1 18
102 0 18
105 0 19
112 0 21
117 0 21
124 1 23
131 0 24
137 0 25
145 2 26
152 0 28
161 0 29
168 1 31
179 1 32
186 0 34
198 0 36
207 0 38
219 1 40
230 1 42
243 0 44
255 1 47
269 1 49
283 1 52
298 2 54
314 2 0
330 2 0
348 2 0
366 2 0
386 66 0
406 70 0
428 66 0
450 68 0
475 67 0
499 69 0
527 66 0
553 69 0
527 65 0
553 70 0
527 63 0
553 1 0
527 0 0
553 0 0
527 1 0
553 67 0
527 1 0
553 0 0
527 0 0
552 0 0
0 0 0
0 0 0
0 0 0
0 0 0
0 0 0
0 0 0
0 0 0
0 0 0
0 0 0
0 0 0
