# 从 t=0 出发、逐步可行的 496 步动作序列，4960 秒达到 48610229060554 矿物。
#   0..105   data/beam105.bin#94 的动作历史（src/gen_hist.cpp 导出，tools/replay_hist.py 独立重放验证）
#   105..200 Pi3 自校正成长策略
#   200..440 src/target.cpp 以目标成长值 G*=767487393649185528 搜出的标定轨迹
#            （G* 由官方值 2F[496]=48610229060554 反标定，见 doc/model_vs_official.md）
#   440..496 56 步 LP 值束搜索兑现
# 这个值与 39 样例反推出的官方 2F[496] 逐位相同。每行 k p q；时间单位 10 秒。
T=496 minerals=48610229060554
1 0 0
0 0 0
1 0 0
0 0 0
1 0 0
0 0 0
1 0 0
0 0 0
1 0 0
0 1 0
1 0 0
0 0 0
1 0 0
0 0 0
1 0 0
0 0 0
1 0 1
0 0 0
1 0 0
0 0 0
1 0 0
0 0 1
1 0 0
0 0 0
1 0 0
0 0 0
1 0 0
0 0 1
2 0 0
0 0 0
2 0 0
0 0 1
2 0 0
1 0 0
2 0 0
1 0 0
2 0 1
1 0 0
2 0 0
2 0 0
2 0 1
2 0 0
2 0 1
3 0 0
2 0 0
3 0 1
2 0 0
3 0 1
3 0 0
3 0 1
3 0 0
3 0 1
4 0 1
3 0 0
5 0 1
3 0 1
5 0 1
3 0 1
6 0 0
4 0 1
6 0 1
5 0 1
6 0 1
6 0 2
7 0 1
6 0 1
8 0 1
7 0 2
9 0 1
8 0 2
9 0 1
9 0 2
10 0 2
10 0 2
11 0 2
12 0 2
12 0 2
13 0 2
13 0 3
15 0 2
14 0 3
17 0 3
15 0 3
19 0 3
17 0 3
21 0 4
19 1 3
23 0 4
21 0 4
25 0 5
24 0 4
27 0 5
27 0 5
30 0 5
30 0 6
33 1 6
33 0 6
37 0 7
36 0 7
41 0 7
40 0 8
46 0 8
44 1 8
51 0 9
49 0 10
56 0 9
55 0 11
62 0 11
61 0 11
69 0 12
68 0 13
76 0 14
76 1 14
84 0 15
84 0 16
93 0 16
94 0 18
102 1 18
105 1 19
113 0 20
116 0 22
125 0 23
129 0 24
139 0 25
143 1 26
154 0 28
159 1 29
170 1 31
177 1 32
188 0 34
196 0 36
208 0 38
218 1 40
231 1 42
242 0 45
256 1 46
268 1 49
284 1 51
297 1 55
315 0 57
329 1 61
349 1 63
365 1 67
387 0 71
405 2 74
429 1 78
450 2 82
475 1 86
499 1 92
526 1 96
554 2 101
583 1 107
615 1 112
646 2 118
682 2 124
717 2 131
756 3 138
795 1 145
838 2 153
881 3 161
930 2 169
977 3 179
1031 2 188
1084 4 198
1143 3 208
1202 3 219
1267 3 232
1333 4 243
1405 3 256
1478 5 270
1558 3 284
1639 5 300
1727 4 315
1818 6 332
1915 5 349
2016 5 368
2123 6 387
2235 6 409
2355 6 429
2478 7 453
2611 6 476
2748 7 502
2895 8 528
3048 9 557
3210 8 585
3380 10 617
3559 8 650
3748 11 684
3946 10 720
4157 11 759
4375 11 799
4610 13 841
4851 12 886
5112 14 932
5379 15 982
5669 14 1034
5964 16 1090
6286 17 1146
6614 18 1208
6970 17 1272
7334 22 1339
7729 19 1410
8133 23 1485
8570 23 1563
9019 24 1647
9502 23 1734
10001 31 1825
10536 25 1923
11091 29 2025
11682 30 2132
12299 33 2245
12954 38 2363
13638 34 2490
14364 37 2621
15123 40 2761
15927 44 2906
16770 46 3061
17661 47 3223
18595 46 3395
19584 52 3574
20620 56 3763
21715 57 3964
22866 62 4173
24078 63 4395
25356 68 4627
26699 73 4873
28117 73 5132
29605 78 5404
31178 82 5690
32828 89 5992
34573 93 6309
36402 95 6645
38336 103 6996
40366 106 7368
42509 114 7757
44761 118 8171
47136 125 8603
49634 132 9059
52268 139 9539
55038 147 10045
57958 153 10579
61030 163 11138
64267 171 11730
67675 180 12352
71263 188 13007
75043 199 13696
79020 211 14423
83214 221 15187
87622 234 15993
92274 244 16840
97161 259 17734
102319 271 18675
107740 287 19664
113457 300 20708
119470 319 21805
125809 333 22962
132477 353 24179
139505 371 25461
146900 394 26811
154692 408 28234
162893 434 29730
171532 454 31307
180627 480 32968
190207 505 34715
200291 536 36556
210915 558 38495
222096 591 40536
233877 623 42685
246275 652 44950
259338 691 47332
273086 725 49843
287572 764 52485
302816 807 55268
318879 845 58201
335784 894 61286
353594 938 64535
372340 990 67959
392089 1041 71561
412876 1098 75357
434774 1155 79352
457826 1219 83560
482106 1281 87991
507669 1348 92657
534591 1421 97571
562937 1496 102745
592792 1574 108193
624223 1660 113930
657327 1749 119971
692182 1837 126334
728888 1937 133032
767539 2040 140087
808240 2149 147516
851099 2261 155338
896231 2382 163575
943756 2511 172249
993802 2638 181384
1046501 2784 191001
1101995 2929 201129
1160431 3082 211797
1221966 3249 223026
1286765 3418 234854
1354998 3602 247307
1426852 3792 260421
1502514 3993 274231
1582190 4204 288772
1666089 4429 304086
1754439 4666 320210
1847473 4906 337192
1945440 5171 355071
2048602 5445 373900
2157237 5733 393727
2271628 6037 414606
2392091 6357 436591
2518935 6698 459742
2652512 7048 484122
2793166 7423 509794
2941284 7815 536827
3097252 8233 565294
3261494 8667 595271
3434444 9128 626836
3616565 9611 660076
3808344 10125 695077
4010292 10659 731937
4222950 11223 770750
4446883 11815 811622
4682692 12448 854659
4931005 13103 899981
5192486 13802 947704
5467832 14529 997960
5757780 15302 1050879
6063103 16115 1106604
6384616 16970 1165285
6723179 17867 1227079
7079693 18815 1292148
7455116 19813 1360667
7850443 20865 1432821
8266738 21970 1508800
8705102 23135 1588809
9166719 24363 1673059
9652806 25654 1761779
10164679 27016 1855201
10703685 28445 1953580
11271283 29955 2057173
11868970 31545 2166261
12498362 33216 2281133
13161118 34979 2402097
13859029 36832 2529474
14593939 38787 2663608
15367829 40842 2804852
16182748 43013 2953588
17040888 45286 3110211
17944527 47692 3275138
18896089 50219 3448812
19898107 52886 3631695
20953262 55684 3824277
22064368 58642 4027069
23234395 61750 4240616
24466465 65025 4465487
25763869 68474 4702282
27130073 72100 4951635
28568721 75927 5214209
30083661 79954 5490707
31678932 84192 5781868
33358799 88656 6088468
35127744 93360 6411326
36990494 98312 6751305
38952021 103520 7109313
41017563 109012 7486304
43192637 114792 7883287
45483050 120881 8301321
47894919 127290 8741522
50434685 134041 9205066
53109128 141145 9693192
55925392 148635 10207200
58890996 156512 10748467
62013860 164813 11318435
65302322 173555 11918627
68765165 182756 12550647
72411635 192450 13216180
76251469 202650 13917007
80294922 213399 14654995
84552790 224717 15432119
89036444 236632 16250451
93757856 249177 17112178
98729636 262392 18019600
103965056 276308 18975141
109478103 290960 19981352
115283491 306390 21040920
121396730 322633 22156676
127834138 339743 23331597
134612910 357761 24568821
141751145 376730 25871654
149267905 396709 27243572
157183264 417742 28688241
165518356 439897 30209517
174295442 463223 31811463
183537956 487788 33498356
193270583 513653 35274704
203519308 540891 37145245
214311503 569575 39114979
225675984 599777 41189162
237643100 631582 43373335
250244805 665073 45673331
263514754 700340 48095291
277488377 737479 50645680
292202995 776586 53331313
307697894 817765 56159359
324014458 861131 59137369
341196250 906794 62273298
359289162 954881 65575517
378341495 1005514 69052848
398404141 1058836 72714572
419530657 1114983 76570471
441777476 1174109 80630839
465203988 1236369 84906521
489872767 1301927 89408932
515849668 1370970 94150097
543204080 1443668 99142676
572009027 1520224 104400000
602341449 1600839 109936108
634282325 1685727 115765786
667916966 1775115 121904598
703335173 1869248 128368939
740631538 1968370 135176069
779905644 2072748 142344169
821262377 2182665 149892374
864812165 2298402 157840848
910671309 2420281 166210811
958962262 2548626 175024614
1009813985 2683774 184305797
1063362262 2826089 194079138
1119750093 2975949 204370743
1179128048 3133760 215208085
1241654691 3299932 226620111
1307496987 3474925 238637291
1376830760 3659190 251291717
1449841156 3853231 264617180
1526723134 4057558 278649264
1607682004 4272723 293425439
1692933945 4499296 308985164
1782706618 4737882 325369987
1877239742 4989124 342623663
1976785756 5253685 360792264
2081610485 5532278 379924307
2191993841 5825643 400070882
2308230596 6134564 421285786
2430631132 6459868 443625671
2559522313 6802419 467150194
2695248312 7163138 491922171
2838171577 7542983 518007752
2988673751 7942972 545476598
3147156741 8364170 574402057
3314043738 8807705 604861372
3489780404 9274760 636935877
3674836002 9766578 670711228
3869704710 10284481 706277611
4074906885 10829843 743730005
4290990496 11404128 783168418
4518532556 12008866 824698167
4758140690 12645667 868430150
5010454727 13316241 914481146
5276148442 14022372 962974128
5555931325 14765952 0
5850550499 15548956 0
6160792697 16373484 0
6487486376 17241735 0
6831503925 18156028 0
7193763987 19118804 0
7575233930 20132631 0
7976932405 21200222 0
8399932097 22324427 0
8845362555 1164301655 0
9314413243 1226042086 0
9808336683 1164301654 0
9314413243 1226042086 0
9808336683 1164301655 0
9314413243 1226042085 0
9808336683 1164301657 0
9314413243 1226042084 0
9808336683 1164301656 0
9314413243 1226042086 0
9808336683 1164301654 0
9314413243 1226042085 0
9808336683 0 0
9314413243 0 0
9808336683 0 0
1 0 0
0 0 0
0 0 0
0 0 0
0 0 0
0 0 0
0 0 0
0 0 0
0 0 0
0 0 0
