# 【存疑】本序列由成长期 rollout 改进搜索产生，在本模型语义下逐步可行，
# 但同一管线在 t=173/331/496/502 会顶破官方样例蕴含的上界，故整体存疑。
# 表中【未】采用这里的数值，只采用官方样例本身蕴含的下界。详见 doc/findings.md。
# 每行 k p q = 本步 (基地造工人数, 建补给站数, 建基地数); 时间单位 10 秒
T=500 minerals=59772676245366
1 0 0
0 0 0
1 0 0
0 0 0
1 0 0
0 0 0
1 0 0
0 0 0
1 0 0
0 1 0
1 0 0
0 0 0
1 0 0
0 0 0
1 0 0
0 0 0
1 0 1
0 0 0
1 0 0
0 0 0
1 0 0
0 0 1
1 0 0
0 0 0
1 0 0
0 0 0
1 0 0
0 0 1
2 0 0
0 0 0
2 0 0
0 0 1
2 0 0
1 0 0
2 0 0
1 0 0
2 0 1
1 0 0
2 0 0
2 0 0
2 0 1
2 0 0
2 0 1
3 0 0
2 0 0
3 0 1
2 0 0
3 0 1
3 0 0
3 0 1
3 0 0
3 0 1
4 0 1
3 0 0
5 0 1
3 0 1
5 0 1
3 0 1
6 0 0
4 0 1
6 0 1
5 0 1
6 0 1
6 0 2
7 0 1
6 0 1
8 0 1
7 0 2
9 0 1
8 0 2
9 0 1
9 0 2
10 0 2
10 0 2
11 0 2
12 0 2
12 0 2
13 0 2
13 0 3
15 0 2
14 0 3
17 0 3
15 0 3
19 0 3
17 0 3
21 0 4
19 1 3
23 0 4
21 0 4
25 0 5
24 0 4
27 0 5
27 0 5
30 0 5
30 1 6
33 0 6
33 0 6
37 0 7
36 0 7
41 0 7
40 0 8
46 0 8
44 1 8
51 0 9
49 0 10
56 0 9
55 0 11
62 0 10
61 0 12
69 0 12
68 0 14
76 0 13
76 1 14
84 0 15
84 0 16
93 1 16
94 0 18
102 0 18
105 0 19
112 0 21
117 0 21
124 1 23
131 0 24
137 0 25
145 1 26
152 1 28
161 1 29
168 0 31
179 0 32
186 1 34
198 0 36
207 0 38
219 2 40
230 0 42
243 0 44
255 1 47
269 1 49
283 1 52
298 1 54
314 1 57
330 0 61
348 1 63
366 1 67
386 1 71
406 2 74
428 0 78
450 1 82
475 2 87
499 1 91
527 1 96
553 2 101
584 1 107
614 1 112
647 2 117
681 4 125
718 2 131
755 0 138
796 2 145
837 3 153
883 3 161
928 1 169
979 4 179
1029 3 188
1086 2 198
1141 4 208
1203 2 220
1266 4 231
1334 3 243
1404 3 257
1479 6 269
1557 3 285
1640 4 299
1726 4 315
1819 6 332
1914 4 350
2017 7 367
2122 5 388
2237 5 408
2353 7 430
2480 8 452
2610 5 477
2749 8 501
2895 7 529
3048 8 556
3210 9 586
3380 9 617
3560 9 649
3747 10 685
3948 11 720
4155 10 759
4378 14 798
4607 10 841
4855 13 886
5108 14 933
5384 14 982
5664 18 1034
5970 14 1089
6281 16 1147
6619 17 1208
6966 19 1272
7339 20 1337
7725 21 1412
8136 21 1485
8567 23 1563
9022 24 1646
9500 25 1735
10004 27 1826
10534 27 1923
11093 30 2024
11681 33 2132
12301 32 2245
12953 35 2364
13638 35 2490
14365 39 2621
15123 39 2761
15928 41 2907
16769 45 3061
17663 48 3223
18595 51 3394
19586 50 3574
20619 55 3764
21718 57 3963
22864 61 4174
24082 64 4395
25354 67 4628
26703 71 4873
28115 75 5132
29610 79 5403
31176 83 5691
32833 87 5991
34570 93 6311
36407 96 6644
38334 101 6997
40370 107 7368
42508 114 7759
44765 118 8169
47136 127 8604
49638 132 9059
52268 139 9540
55041 145 10046
57959 155 10578
61032 162 11139
64270 170 11731
67676 180 12352
71267 190 13007
75044 199 13697
79026 210 14423
83213 222 15188
87630 232 15993
92272 246 16841
97170 258 17735
102318 273 18675
107748 286 19665
113457 300 20708
119479 319 21806
125809 334 22963
132486 351 24180
139506 373 25462
146909 391 26812
154694 410 28235
162902 433 29731
171535 455 31309
180637 480 32968
190210 506 34717
200302 531 36557
210918 561 38497
222108 591 40537
233881 623 42687
246288 652 44951
259343 692 47334
273100 723 49844
287578 767 52488
302831 803 55271
318887 848 58201
335799 891 61289
353604 941 64538
372356 990 67960
392101 1042 71564
412893 1097 75359
434788 1156 79355
457844 1216 83563
482122 1282 87995
507688 1350 92659
534610 1420 97575
562959 1495 102749
592811 1576 108196
624248 1659 113935
657349 1747 119976
692208 1843 126337
728913 1934 133038
767567 2040 140092
808268 2149 147521
851130 2262 155343
896263 2380 163582
943789 2511 172255
993838 2639 181390
1046538 2781 191009
1102034 2930 201137
1160473 3084 211803
1222010 3249 223034
1286810 3421 234862
1355048 3599 247316
1426902 3792 260431
1502569 3994 274240
1582245 4205 288783
1666151 4427 304097
1754500 4665 320222
1847541 4909 337203
1945509 5171 355084
2048678 5445 373913
2157312 5733 393741
2271712 6037 414621
2392174 6358 436607
2519028 6695 459759
2652605 7050 484139
2793268 7425 509812
2941388 7815 536847
3097365 8232 565314
3261610 8670 595291
3434568 9127 626859
3616694 9612 660100
3808481 10121 695103
4010435 10659 731963
4223102 11227 770777
4447042 11816 811651
4682861 12447 854690
4931181 13105 900013
5192673 13801 947738
5468028 14534 997995
5757987 15301 1050917
6063319 16113 1106645
6384846 16969 1165327
6723419 17870 1227122
7079949 18815 1292194
7455382 19814 1360717
7850726 20865 1432872
8267033 21972 1508854
8705416 23138 1588865
9167046 24362 1673120
9653154 25654 1761842
10165041 27015 1855268
10704071 28450 1953649
11271686 29955 2057248
11869398 31545 2166338
12498808 33218 2281215
13161592 34981 2402183
13859525 36833 2529565
14594464 38788 2663703
15368379 40844 2804953
16183329 43010 2953695
17041499 45292 3110322
17945171 47692 3275256
18896767 50222 3448935
19898820 52885 3631826
20954015 55689 3824413
22065158 58644 4027214
23235230 61751 4240768
24467341 65027 4465648
25764795 68473 4702451
27131044 72108 4951812
28569748 75928 5214396
30084739 79957 5490904
31680070 84197 5782075
33359995 88660 6088686
35129005 93361 6411557
36991821 98313 6751547
38953418 103526 7109568
41019035 109015 7486573
43194186 114797 7883569
45484683 120884 8301619
47896637 127295 8741836
50436495 134047 9205396
53111033 141152 9693539
55927399 148636 10207567
58893108 156523 10748852
62016085 164818 11318841
65304665 173560 11919055
68767632 182762 12551097
72414233 192454 13216655
76254205 202660 13917506
80297802 213409 14655521
84555824 224722 15432672
89039638 236641 16251034
93761220 249187 17112792
98733177 262402 18020247
103968787 276318 18975821
109482029 290969 19982069
115287628 306398 21041676
121401084 322648 22157470
127838725 339755 23332434
134617739 357772 24569703
141756231 376745 25872582
149273260 396721 27244550
157188903 417759 28689270
165524294 439914 30210600
174301694 463241 31812604
183544542 487803 33499559
193277515 513672 35275968
203526611 540911 37146579
214319191 569594 39116382
225684081 599798 41190640
237651625 631605 43374891
250253784 665097 45674970
263524207 700367 48097015
277498334 737505 50647497
292213477 776613 53333227
307708934 817796 56161373
324026081 861160 59139491
341208493 906826 62275532
359302049 954915 65577870
378355072 1005552 69055325
398418431 1058873 72717181
419545712 1115023 76573218
441793322 1174150 80633732
465220682 1236413 84909567
489890337 1301977 89412140
515868179 1371020 94153474
543223564 1443718 99146233
572029552 1520278 104403745
602363055 1600895 109940053
634305084 1685787 115769939
667940925 1775183 121908972
703360409 1869313 128373544
740658106 1968440 135180919
779933627 2072823 142349275
821291838 2182741 149897752
864843194 2298485 157846511
910703978 2420370 166216773
958996668 2548717 175030894
1009850211 2683870 184312409
1063400413 2826189 194086102
1119790264 2976057 204378074
1179170352 3133871 215215806
1241699235 3300052 226628241
1307543896 3475049 238645852
1376880155 3659321 251300733
1449893169 3853369 264626674
1526777909 4057704 278659260
1607739680 4272875 293435967
1692994682 4499457 308996249
1782770573 4738053 325381660
1877307090 4989303 342635955
1976856676 5253874 360805208
2081685164 5532477 379937937
2192072483 5825851 400085235
2308313403 6134785 421300900
2430718336 6460098 443641587
2559614137 6802665 467166953
2695345010 7163394 491939819
2838273395 7543254 518026337
2988780979 7943257 545496167
3147269644 8364471 574422665
3314162639 8808021 604883070
3489905599 9275091 636958729
3674967847 9766930 670735290
3869843536 10284849 706302950
4075053082 10830233 743756686
4291144436 11404536 783196516
4518694669 12009295 824727754
4758311389 12646123 868461306
5010634488 13316719 914513953
5276337726 14022876 963008677
5556130655 14766479 1014074969
5850760391 15549515 1067849200
6161013722 16374071 1124474962
6487719122 17242354 1184103468
6831749013 18156679 1
7194022072 19119489 0
7575505695 20133355 0
7977218592 21200983 0
8400233449 22325226 0
8845679898 23509085 0
9314747399 24755722 0
9808688578 26068465 0
10328822368 27450820 0
10876537778 1431662168 0
11453297330 1507580154 0
12060641246 1431662168 0
11453297331 1507580155 0
12060641246 1431662167 0
11453297331 1507580155 0
12060641246 1431662167 0
11453297331 1507580155 0
12060641246 1431662168 0
11453297331 1507580154 0
12060641246 1431662168 0
11453297331 1507580151 0
12060641246 0 0
11453297331 0 0
12060641238 0 0
0 0 0
0 0 0
0 0 0
0 0 0
0 0 0
0 0 0
0 0 0
0 0 0
0 0 0
0 0 0
